Time: 0
Waiting clients: (3 2 1)(9 2 7)(25 2 7)(39 2 5)(8 4 1)(14 5 2)(21 5 5)(44 5 3)(31 6 2)(45 6 3)(34 8 7)(42 8 2)(48 8 3)(26 9 2)(5 9 1)(35 10 7)(47 11 6)(1 11 7)(46 16 2)(2 16 6)(19 16 1)(29 17 4)(30 17 2)(16 18 6)(22 18 1)(37 20 4)(15 20 3)(43 21 3)(7 22 4)(28 22 1)(27 24 7)(33 25 3)(49 26 4)(18 27 2)(36 28 3)(32 28 1)(38 28 6)(10 28 1)(23 30 2)(11 30 6)(17 32 4)(20 32 3)(24 33 1)(6 33 5)(4 33 6)(40 34 2)(41 34 7)(13 36 2)(50 37 1)(12 40 2)Queue 1:closed
Queue 2:closed
Queue 3:closed
Queue 4:closed
Queue 5:closed
Time: 1
Waiting clients: (3 2 1)(9 2 7)(25 2 7)(39 2 5)(8 4 1)(14 5 2)(21 5 5)(44 5 3)(31 6 2)(45 6 3)(34 8 7)(42 8 2)(48 8 3)(26 9 2)(5 9 1)(35 10 7)(47 11 6)(1 11 7)(46 16 2)(2 16 6)(19 16 1)(29 17 4)(30 17 2)(16 18 6)(22 18 1)(37 20 4)(15 20 3)(43 21 3)(7 22 4)(28 22 1)(27 24 7)(33 25 3)(49 26 4)(18 27 2)(36 28 3)(32 28 1)(38 28 6)(10 28 1)(23 30 2)(11 30 6)(17 32 4)(20 32 3)(24 33 1)(6 33 5)(4 33 6)(40 34 2)(41 34 7)(13 36 2)(50 37 1)(12 40 2)Queue 1:closed
Queue 2:closed
Queue 3:closed
Queue 4:closed
Queue 5:closed
Time: 2
Waiting clients: (8 4 1)(14 5 2)(21 5 5)(44 5 3)(31 6 2)(45 6 3)(34 8 7)(42 8 2)(48 8 3)(26 9 2)(5 9 1)(35 10 7)(47 11 6)(1 11 7)(46 16 2)(2 16 6)(19 16 1)(29 17 4)(30 17 2)(16 18 6)(22 18 1)(37 20 4)(15 20 3)(43 21 3)(7 22 4)(28 22 1)(27 24 7)(33 25 3)(49 26 4)(18 27 2)(36 28 3)(32 28 1)(38 28 6)(10 28 1)(23 30 2)(11 30 6)(17 32 4)(20 32 3)(24 33 1)(6 33 5)(4 33 6)(40 34 2)(41 34 7)(13 36 2)(50 37 1)(12 40 2)Queue 1:
Queue 2:(9 2 6)
Queue 3:(25 2 6)
Queue 4:(39 2 4)
Queue 5:closed
Time: 3
Waiting clients: (8 4 1)(14 5 2)(21 5 5)(44 5 3)(31 6 2)(45 6 3)(34 8 7)(42 8 2)(48 8 3)(26 9 2)(5 9 1)(35 10 7)(47 11 6)(1 11 7)(46 16 2)(2 16 6)(19 16 1)(29 17 4)(30 17 2)(16 18 6)(22 18 1)(37 20 4)(15 20 3)(43 21 3)(7 22 4)(28 22 1)(27 24 7)(33 25 3)(49 26 4)(18 27 2)(36 28 3)(32 28 1)(38 28 6)(10 28 1)(23 30 2)(11 30 6)(17 32 4)(20 32 3)(24 33 1)(6 33 5)(4 33 6)(40 34 2)(41 34 7)(13 36 2)(50 37 1)(12 40 2)Queue 1:
Queue 2:(9 2 5)
Queue 3:(25 2 5)
Queue 4:(39 2 3)
Queue 5:closed
Time: 4
Waiting clients: (14 5 2)(21 5 5)(44 5 3)(31 6 2)(45 6 3)(34 8 7)(42 8 2)(48 8 3)(26 9 2)(5 9 1)(35 10 7)(47 11 6)(1 11 7)(46 16 2)(2 16 6)(19 16 1)(29 17 4)(30 17 2)(16 18 6)(22 18 1)(37 20 4)(15 20 3)(43 21 3)(7 22 4)(28 22 1)(27 24 7)(33 25 3)(49 26 4)(18 27 2)(36 28 3)(32 28 1)(38 28 6)(10 28 1)(23 30 2)(11 30 6)(17 32 4)(20 32 3)(24 33 1)(6 33 5)(4 33 6)(40 34 2)(41 34 7)(13 36 2)(50 37 1)(12 40 2)Queue 1:
Queue 2:(9 2 4)
Queue 3:(25 2 4)
Queue 4:(39 2 2)
Queue 5:
Time: 5
Waiting clients: (31 6 2)(45 6 3)(34 8 7)(42 8 2)(48 8 3)(26 9 2)(5 9 1)(35 10 7)(47 11 6)(1 11 7)(46 16 2)(2 16 6)(19 16 1)(29 17 4)(30 17 2)(16 18 6)(22 18 1)(37 20 4)(15 20 3)(43 21 3)(7 22 4)(28 22 1)(27 24 7)(33 25 3)(49 26 4)(18 27 2)(36 28 3)(32 28 1)(38 28 6)(10 28 1)(23 30 2)(11 30 6)(17 32 4)(20 32 3)(24 33 1)(6 33 5)(4 33 6)(40 34 2)(41 34 7)(13 36 2)(50 37 1)(12 40 2)Queue 1:(14 5 2)
Queue 2:(9 2 3)(21 5 4)
Queue 3:(25 2 3)(44 5 2)
Queue 4:(39 2 1)
Queue 5:
Time: 6
Waiting clients: (34 8 7)(42 8 2)(48 8 3)(26 9 2)(5 9 1)(35 10 7)(47 11 6)(1 11 7)(46 16 2)(2 16 6)(19 16 1)(29 17 4)(30 17 2)(16 18 6)(22 18 1)(37 20 4)(15 20 3)(43 21 3)(7 22 4)(28 22 1)(27 24 7)(33 25 3)(49 26 4)(18 27 2)(36 28 3)(32 28 1)(38 28 6)(10 28 1)(23 30 2)(11 30 6)(17 32 4)(20 32 3)(24 33 1)(6 33 5)(4 33 6)(40 34 2)(41 34 7)(13 36 2)(50 37 1)(12 40 2)Queue 1:(14 5 1)
Queue 2:(9 2 2)(21 5 4)
Queue 3:(25 2 2)(44 5 2)
Queue 4:(31 6 1)
Queue 5:(45 6 2)
Time: 7
Waiting clients: (34 8 7)(42 8 2)(48 8 3)(26 9 2)(5 9 1)(35 10 7)(47 11 6)(1 11 7)(46 16 2)(2 16 6)(19 16 1)(29 17 4)(30 17 2)(16 18 6)(22 18 1)(37 20 4)(15 20 3)(43 21 3)(7 22 4)(28 22 1)(27 24 7)(33 25 3)(49 26 4)(18 27 2)(36 28 3)(32 28 1)(38 28 6)(10 28 1)(23 30 2)(11 30 6)(17 32 4)(20 32 3)(24 33 1)(6 33 5)(4 33 6)(40 34 2)(41 34 7)(13 36 2)(50 37 1)(12 40 2)Queue 1:
Queue 2:(9 2 1)(21 5 4)
Queue 3:(25 2 1)(44 5 2)
Queue 4:(31 6 1)
Queue 5:(45 6 1)
Time: 8
Waiting clients: (26 9 2)(5 9 1)(35 10 7)(47 11 6)(1 11 7)(46 16 2)(2 16 6)(19 16 1)(29 17 4)(30 17 2)(16 18 6)(22 18 1)(37 20 4)(15 20 3)(43 21 3)(7 22 4)(28 22 1)(27 24 7)(33 25 3)(49 26 4)(18 27 2)(36 28 3)(32 28 1)(38 28 6)(10 28 1)(23 30 2)(11 30 6)(17 32 4)(20 32 3)(24 33 1)(6 33 5)(4 33 6)(40 34 2)(41 34 7)(13 36 2)(50 37 1)(12 40 2)Queue 1:(34 8 7)
Queue 2:(21 5 4)(42 8 1)
Queue 3:(44 5 2)(48 8 2)
Queue 4:(31 6 1)
Queue 5:
Time: 9
Waiting clients: (35 10 7)(47 11 6)(1 11 7)(46 16 2)(2 16 6)(19 16 1)(29 17 4)(30 17 2)(16 18 6)(22 18 1)(37 20 4)(15 20 3)(43 21 3)(7 22 4)(28 22 1)(27 24 7)(33 25 3)(49 26 4)(18 27 2)(36 28 3)(32 28 1)(38 28 6)(10 28 1)(23 30 2)(11 30 6)(17 32 4)(20 32 3)(24 33 1)(6 33 5)(4 33 6)(40 34 2)(41 34 7)(13 36 2)(50 37 1)(12 40 2)Queue 1:(34 8 7)
Queue 2:(21 5 4)(42 8 1)
Queue 3:(44 5 2)(48 8 2)
Queue 4:(31 6 1)(26 9 1)
Queue 5:(5 9 1)
Time: 10
Waiting clients: (47 11 6)(1 11 7)(46 16 2)(2 16 6)(19 16 1)(29 17 4)(30 17 2)(16 18 6)(22 18 1)(37 20 4)(15 20 3)(43 21 3)(7 22 4)(28 22 1)(27 24 7)(33 25 3)(49 26 4)(18 27 2)(36 28 3)(32 28 1)(38 28 6)(10 28 1)(23 30 2)(11 30 6)(17 32 4)(20 32 3)(24 33 1)(6 33 5)(4 33 6)(40 34 2)(41 34 7)(13 36 2)(50 37 1)(12 40 2)Queue 1:(34 8 6)(35 10 7)
Queue 2:(21 5 4)(42 8 1)
Queue 3:(44 5 2)(48 8 2)
Queue 4:(26 9 1)
Queue 5:(5 9 1)
Time: 11
Waiting clients: (46 16 2)(2 16 6)(19 16 1)(29 17 4)(30 17 2)(16 18 6)(22 18 1)(37 20 4)(15 20 3)(43 21 3)(7 22 4)(28 22 1)(27 24 7)(33 25 3)(49 26 4)(18 27 2)(36 28 3)(32 28 1)(38 28 6)(10 28 1)(23 30 2)(11 30 6)(17 32 4)(20 32 3)(24 33 1)(6 33 5)(4 33 6)(40 34 2)(41 34 7)(13 36 2)(50 37 1)(12 40 2)Queue 1:(34 8 5)(35 10 7)
Queue 2:(21 5 4)(42 8 1)(47 11 5)
Queue 3:(44 5 2)(48 8 2)(1 11 6)
Queue 4:(26 9 1)
Queue 5:(5 9 1)
Time: 12
Waiting clients: (46 16 2)(2 16 6)(19 16 1)(29 17 4)(30 17 2)(16 18 6)(22 18 1)(37 20 4)(15 20 3)(43 21 3)(7 22 4)(28 22 1)(27 24 7)(33 25 3)(49 26 4)(18 27 2)(36 28 3)(32 28 1)(38 28 6)(10 28 1)(23 30 2)(11 30 6)(17 32 4)(20 32 3)(24 33 1)(6 33 5)(4 33 6)(40 34 2)(41 34 7)(13 36 2)(50 37 1)(12 40 2)Queue 1:(34 8 4)(35 10 7)
Queue 2:(21 5 3)(42 8 1)(47 11 5)
Queue 3:(44 5 1)(48 8 2)(1 11 6)
Queue 4:
Queue 5:
Time: 13
Waiting clients: (46 16 2)(2 16 6)(19 16 1)(29 17 4)(30 17 2)(16 18 6)(22 18 1)(37 20 4)(15 20 3)(43 21 3)(7 22 4)(28 22 1)(27 24 7)(33 25 3)(49 26 4)(18 27 2)(36 28 3)(32 28 1)(38 28 6)(10 28 1)(23 30 2)(11 30 6)(17 32 4)(20 32 3)(24 33 1)(6 33 5)(4 33 6)(40 34 2)(41 34 7)(13 36 2)(50 37 1)(12 40 2)Queue 1:(34 8 3)(35 10 7)
Queue 2:(21 5 2)(42 8 1)(47 11 5)
Queue 3:(48 8 2)(1 11 6)
Queue 4:
Queue 5:
Time: 14
Waiting clients: (46 16 2)(2 16 6)(19 16 1)(29 17 4)(30 17 2)(16 18 6)(22 18 1)(37 20 4)(15 20 3)(43 21 3)(7 22 4)(28 22 1)(27 24 7)(33 25 3)(49 26 4)(18 27 2)(36 28 3)(32 28 1)(38 28 6)(10 28 1)(23 30 2)(11 30 6)(17 32 4)(20 32 3)(24 33 1)(6 33 5)(4 33 6)(40 34 2)(41 34 7)(13 36 2)(50 37 1)(12 40 2)Queue 1:(34 8 2)(35 10 7)
Queue 2:(21 5 1)(42 8 1)(47 11 5)
Queue 3:(48 8 2)(1 11 6)
Queue 4:
Queue 5:
Time: 15
Waiting clients: (46 16 2)(2 16 6)(19 16 1)(29 17 4)(30 17 2)(16 18 6)(22 18 1)(37 20 4)(15 20 3)(43 21 3)(7 22 4)(28 22 1)(27 24 7)(33 25 3)(49 26 4)(18 27 2)(36 28 3)(32 28 1)(38 28 6)(10 28 1)(23 30 2)(11 30 6)(17 32 4)(20 32 3)(24 33 1)(6 33 5)(4 33 6)(40 34 2)(41 34 7)(13 36 2)(50 37 1)(12 40 2)Queue 1:(34 8 1)(35 10 7)
Queue 2:(42 8 1)(47 11 5)
Queue 3:(48 8 1)(1 11 6)
Queue 4:
Queue 5:
Time: 16
Waiting clients: (29 17 4)(30 17 2)(16 18 6)(22 18 1)(37 20 4)(15 20 3)(43 21 3)(7 22 4)(28 22 1)(27 24 7)(33 25 3)(49 26 4)(18 27 2)(36 28 3)(32 28 1)(38 28 6)(10 28 1)(23 30 2)(11 30 6)(17 32 4)(20 32 3)(24 33 1)(6 33 5)(4 33 6)(40 34 2)(41 34 7)(13 36 2)(50 37 1)(12 40 2)Queue 1:(35 10 7)(19 16 1)
Queue 2:(42 8 1)(47 11 5)
Queue 3:(1 11 6)
Queue 4:(46 16 2)
Queue 5:(2 16 6)
Time: 17
Waiting clients: (16 18 6)(22 18 1)(37 20 4)(15 20 3)(43 21 3)(7 22 4)(28 22 1)(27 24 7)(33 25 3)(49 26 4)(18 27 2)(36 28 3)(32 28 1)(38 28 6)(10 28 1)(23 30 2)(11 30 6)(17 32 4)(20 32 3)(24 33 1)(6 33 5)(4 33 6)(40 34 2)(41 34 7)(13 36 2)(50 37 1)(12 40 2)Queue 1:(35 10 7)(19 16 1)
Queue 2:(47 11 5)(29 17 3)
Queue 3:(1 11 6)(30 17 1)
Queue 4:(46 16 1)
Queue 5:(2 16 5)
Time: 18
Waiting clients: (37 20 4)(15 20 3)(43 21 3)(7 22 4)(28 22 1)(27 24 7)(33 25 3)(49 26 4)(18 27 2)(36 28 3)(32 28 1)(38 28 6)(10 28 1)(23 30 2)(11 30 6)(17 32 4)(20 32 3)(24 33 1)(6 33 5)(4 33 6)(40 34 2)(41 34 7)(13 36 2)(50 37 1)(12 40 2)Queue 1:(35 10 6)(19 16 1)
Queue 2:(47 11 5)(29 17 3)
Queue 3:(1 11 5)(30 17 1)
Queue 4:(16 18 6)
Queue 5:(2 16 4)(22 18 1)
Time: 19
Waiting clients: (37 20 4)(15 20 3)(43 21 3)(7 22 4)(28 22 1)(27 24 7)(33 25 3)(49 26 4)(18 27 2)(36 28 3)(32 28 1)(38 28 6)(10 28 1)(23 30 2)(11 30 6)(17 32 4)(20 32 3)(24 33 1)(6 33 5)(4 33 6)(40 34 2)(41 34 7)(13 36 2)(50 37 1)(12 40 2)Queue 1:(35 10 5)(19 16 1)
Queue 2:(47 11 4)(29 17 3)
Queue 3:(1 11 4)(30 17 1)
Queue 4:(16 18 6)
Queue 5:(2 16 3)(22 18 1)
Time: 20
Waiting clients: (43 21 3)(7 22 4)(28 22 1)(27 24 7)(33 25 3)(49 26 4)(18 27 2)(36 28 3)(32 28 1)(38 28 6)(10 28 1)(23 30 2)(11 30 6)(17 32 4)(20 32 3)(24 33 1)(6 33 5)(4 33 6)(40 34 2)(41 34 7)(13 36 2)(50 37 1)(12 40 2)Queue 1:(35 10 4)(19 16 1)(37 20 4)
Queue 2:(47 11 3)(29 17 3)(15 20 2)
Queue 3:(1 11 3)(30 17 1)
Queue 4:(16 18 6)
Queue 5:(2 16 2)(22 18 1)
Time: 21
Waiting clients: (7 22 4)(28 22 1)(27 24 7)(33 25 3)(49 26 4)(18 27 2)(36 28 3)(32 28 1)(38 28 6)(10 28 1)(23 30 2)(11 30 6)(17 32 4)(20 32 3)(24 33 1)(6 33 5)(4 33 6)(40 34 2)(41 34 7)(13 36 2)(50 37 1)(12 40 2)Queue 1:(35 10 3)(19 16 1)(37 20 4)
Queue 2:(47 11 2)(29 17 3)(15 20 2)
Queue 3:(1 11 2)(30 17 1)(43 21 2)
Queue 4:(16 18 5)
Queue 5:(2 16 1)(22 18 1)
Time: 22
Waiting clients: (27 24 7)(33 25 3)(49 26 4)(18 27 2)(36 28 3)(32 28 1)(38 28 6)(10 28 1)(23 30 2)(11 30 6)(17 32 4)(20 32 3)(24 33 1)(6 33 5)(4 33 6)(40 34 2)(41 34 7)(13 36 2)(50 37 1)(12 40 2)Queue 1:(35 10 2)(19 16 1)(37 20 4)
Queue 2:(47 11 1)(29 17 3)(15 20 2)
Queue 3:(1 11 1)(30 17 1)(43 21 2)
Queue 4:(16 18 4)(7 22 4)
Queue 5:(22 18 1)(28 22 1)
Time: 23
Waiting clients: (27 24 7)(33 25 3)(49 26 4)(18 27 2)(36 28 3)(32 28 1)(38 28 6)(10 28 1)(23 30 2)(11 30 6)(17 32 4)(20 32 3)(24 33 1)(6 33 5)(4 33 6)(40 34 2)(41 34 7)(13 36 2)(50 37 1)(12 40 2)Queue 1:(35 10 1)(19 16 1)(37 20 4)
Queue 2:(29 17 3)(15 20 2)
Queue 3:(30 17 1)(43 21 2)
Queue 4:(16 18 3)(7 22 4)
Queue 5:(22 18 1)(28 22 1)
Time: 24
Waiting clients: (33 25 3)(49 26 4)(18 27 2)(36 28 3)(32 28 1)(38 28 6)(10 28 1)(23 30 2)(11 30 6)(17 32 4)(20 32 3)(24 33 1)(6 33 5)(4 33 6)(40 34 2)(41 34 7)(13 36 2)(50 37 1)(12 40 2)Queue 1:(19 16 1)(37 20 4)(27 24 7)
Queue 2:(29 17 3)(15 20 2)
Queue 3:(30 17 1)(43 21 2)
Queue 4:(16 18 2)(7 22 4)
Queue 5:(22 18 1)(28 22 1)
Time: 25
Waiting clients: (49 26 4)(18 27 2)(36 28 3)(32 28 1)(38 28 6)(10 28 1)(23 30 2)(11 30 6)(17 32 4)(20 32 3)(24 33 1)(6 33 5)(4 33 6)(40 34 2)(41 34 7)(13 36 2)(50 37 1)(12 40 2)Queue 1:(19 16 1)(37 20 4)(27 24 7)
Queue 2:(29 17 2)(15 20 2)(33 25 2)
Queue 3:(43 21 2)
Queue 4:(16 18 1)(7 22 4)
Queue 5:(28 22 1)
Time: 26
Waiting clients: (18 27 2)(36 28 3)(32 28 1)(38 28 6)(10 28 1)(23 30 2)(11 30 6)(17 32 4)(20 32 3)(24 33 1)(6 33 5)(4 33 6)(40 34 2)(41 34 7)(13 36 2)(50 37 1)(12 40 2)Queue 1:(37 20 4)(27 24 7)
Queue 2:(29 17 1)(15 20 2)(33 25 2)
Queue 3:(43 21 2)(49 26 3)
Queue 4:(7 22 4)
Queue 5:(28 22 1)
Time: 27
Waiting clients: (36 28 3)(32 28 1)(38 28 6)(10 28 1)(23 30 2)(11 30 6)(17 32 4)(20 32 3)(24 33 1)(6 33 5)(4 33 6)(40 34 2)(41 34 7)(13 36 2)(50 37 1)(12 40 2)Queue 1:(37 20 4)(27 24 7)
Queue 2:(15 20 2)(33 25 2)
Queue 3:(43 21 1)(49 26 3)
Queue 4:(7 22 4)(18 27 2)
Queue 5:
Time: 28
Waiting clients: (23 30 2)(11 30 6)(17 32 4)(20 32 3)(24 33 1)(6 33 5)(4 33 6)(40 34 2)(41 34 7)(13 36 2)(50 37 1)(12 40 2)Queue 1:(37 20 3)(27 24 7)(32 28 1)
Queue 2:(15 20 2)(33 25 2)(38 28 5)
Queue 3:(49 26 3)
Queue 4:(7 22 4)(18 27 2)
Queue 5:(36 28 3)
Time: 29
Waiting clients: (23 30 2)(11 30 6)(17 32 4)(20 32 3)(24 33 1)(6 33 5)(4 33 6)(40 34 2)(41 34 7)(13 36 2)(50 37 1)(12 40 2)Queue 1:(37 20 2)(27 24 7)(32 28 1)
Queue 2:(15 20 1)(33 25 2)(38 28 5)
Queue 3:(49 26 3)
Queue 4:(7 22 4)(18 27 2)
Queue 5:(36 28 3)
Time: 30
Waiting clients: (17 32 4)(20 32 3)(24 33 1)(6 33 5)(4 33 6)(40 34 2)(41 34 7)(13 36 2)(50 37 1)(12 40 2)Queue 1:(37 20 1)(27 24 7)(32 28 1)
Queue 2:(33 25 2)(38 28 5)
Queue 3:(49 26 2)
Queue 4:(7 22 3)(18 27 2)(23 30 2)
Queue 5:(36 28 3)(11 30 6)
Time: 31
Waiting clients: (17 32 4)(20 32 3)(24 33 1)(6 33 5)(4 33 6)(40 34 2)(41 34 7)(13 36 2)(50 37 1)(12 40 2)Queue 1:(27 24 7)(32 28 1)
Queue 2:(33 25 2)(38 28 5)
Queue 3:(49 26 1)
Queue 4:(7 22 2)(18 27 2)(23 30 2)
Queue 5:(36 28 2)(11 30 6)
Time: 32
Waiting clients: (24 33 1)(6 33 5)(4 33 6)(40 34 2)(41 34 7)(13 36 2)(50 37 1)(12 40 2)Queue 1:(27 24 7)(32 28 1)(17 32 4)
Queue 2:(33 25 1)(38 28 5)(20 32 2)
Queue 3:
Queue 4:(7 22 1)(18 27 2)(23 30 2)
Queue 5:(36 28 1)(11 30 6)
Time: 33
Waiting clients: (40 34 2)(41 34 7)(13 36 2)(50 37 1)(12 40 2)Queue 1:(27 24 6)(32 28 1)(17 32 4)
Queue 2:(38 28 5)(20 32 2)
Queue 3:
Queue 4:(18 27 2)(23 30 2)(6 33 5)
Queue 5:(11 30 6)(4 33 6)
Time: 34
Waiting clients: (13 36 2)(50 37 1)(12 40 2)Queue 1:(27 24 5)(32 28 1)(17 32 4)(40 34 2)
Queue 2:(38 28 5)(20 32 2)(41 34 6)
Queue 3:
Queue 4:(18 27 2)(23 30 2)(6 33 5)
Queue 5:(11 30 6)(4 33 6)
Time: 35
Waiting clients: (13 36 2)(50 37 1)(12 40 2)Queue 1:(27 24 4)(32 28 1)(17 32 4)(40 34 2)
Queue 2:(38 28 4)(20 32 2)(41 34 6)
Queue 3:
Queue 4:(18 27 1)(23 30 2)(6 33 5)
Queue 5:(11 30 5)(4 33 6)
Time: 36
Waiting clients: (50 37 1)(12 40 2)Queue 1:(27 24 3)(32 28 1)(17 32 4)(40 34 2)
Queue 2:(38 28 3)(20 32 2)(41 34 6)
Queue 3:(13 36 2)
Queue 4:(23 30 2)(6 33 5)
Queue 5:(11 30 4)(4 33 6)
Time: 37
Waiting clients: (12 40 2)Queue 1:(27 24 2)(32 28 1)(17 32 4)(40 34 2)
Queue 2:(38 28 2)(20 32 2)(41 34 6)
Queue 3:(13 36 1)
Queue 4:(23 30 2)(6 33 5)(50 37 1)
Queue 5:(11 30 3)(4 33 6)
Time: 38
Waiting clients: (12 40 2)Queue 1:(27 24 1)(32 28 1)(17 32 4)(40 34 2)
Queue 2:(38 28 1)(20 32 2)(41 34 6)
Queue 3:
Queue 4:(23 30 1)(6 33 5)(50 37 1)
Queue 5:(11 30 2)(4 33 6)
Time: 39
Waiting clients: (12 40 2)Queue 1:(32 28 1)(17 32 4)(40 34 2)
Queue 2:(20 32 2)(41 34 6)
Queue 3:
Queue 4:(6 33 5)(50 37 1)
Queue 5:(11 30 1)(4 33 6)
Time: 40
Waiting clients: Queue 1:(32 28 1)(17 32 4)(40 34 2)
Queue 2:(20 32 2)(41 34 6)
Queue 3:
Queue 4:(6 33 5)(50 37 1)
Queue 5:(4 33 6)(12 40 2)
Time: 41
Waiting clients: Queue 1:(17 32 4)(40 34 2)
Queue 2:(20 32 1)(41 34 6)
Queue 3:
Queue 4:(6 33 4)(50 37 1)
Queue 5:(4 33 6)(12 40 2)
Time: 42
Waiting clients: Queue 1:(17 32 4)(40 34 2)
Queue 2:(41 34 6)
Queue 3:
Queue 4:(6 33 3)(50 37 1)
Queue 5:(4 33 5)(12 40 2)
Time: 43
Waiting clients: Queue 1:(17 32 3)(40 34 2)
Queue 2:(41 34 6)
Queue 3:
Queue 4:(6 33 2)(50 37 1)
Queue 5:(4 33 4)(12 40 2)
Time: 44
Waiting clients: Queue 1:(17 32 2)(40 34 2)
Queue 2:(41 34 5)
Queue 3:
Queue 4:(6 33 1)(50 37 1)
Queue 5:(4 33 3)(12 40 2)
Time: 45
Waiting clients: Queue 1:(17 32 1)(40 34 2)
Queue 2:(41 34 4)
Queue 3:
Queue 4:(50 37 1)
Queue 5:(4 33 2)(12 40 2)
Time: 46
Waiting clients: Queue 1:(40 34 2)
Queue 2:(41 34 3)
Queue 3:
Queue 4:(50 37 1)
Queue 5:(4 33 1)(12 40 2)
Time: 47
Waiting clients: Queue 1:(40 34 2)
Queue 2:(41 34 2)
Queue 3:
Queue 4:
Queue 5:(12 40 2)
Time: 48
Waiting clients: Queue 1:(40 34 1)
Queue 2:(41 34 1)
Queue 3:
Queue 4:
Queue 5:(12 40 2)
Time: 49
Waiting clients: Queue 1:
Queue 2:
Queue 3:
Queue 4:
Queue 5:(12 40 1)
Time: 50
Waiting clients: Queue 1:
Queue 2:
Queue 3:
Queue 4:
Queue 5:
Time: 51
Waiting clients: Queue 1:
Queue 2:
Queue 3:
Queue 4:
Queue 5:
Time: 52
Waiting clients: Queue 1:
Queue 2:
Queue 3:
Queue 4:
Queue 5:
Time: 53
Waiting clients: Queue 1:
Queue 2:
Queue 3:
Queue 4:
Queue 5:
Time: 54
Waiting clients: Queue 1:
Queue 2:
Queue 3:
Queue 4:
Queue 5:
Time: 55
Waiting clients: Queue 1:
Queue 2:
Queue 3:
Queue 4:
Queue 5:
Time: 56
Waiting clients: Queue 1:
Queue 2:
Queue 3:
Queue 4:
Queue 5:
Time: 57
Waiting clients: Queue 1:
Queue 2:
Queue 3:
Queue 4:
Queue 5:
Time: 58
Waiting clients: Queue 1:
Queue 2:
Queue 3:
Queue 4:
Queue 5:
Time: 59
Waiting clients: Queue 1:
Queue 2:
Queue 3:
Queue 4:
Queue 5:
Time: 60
Waiting clients: Queue 1:
Queue 2:
Queue 3:
Queue 4:
Queue 5:
Time: 61
Waiting clients: Queue 1:
Queue 2:
Queue 3:
Queue 4:
Queue 5:
